# run 2026-09-11, scored against ORIGINAL GiantSteps labels (see rescore.py for GS+ rescoring)
method                 weighted  exact  fifth    rel    par  other   top3  s/trk
current                    46.8   35.0   17.5    0.0   15.0   32.5   70.0   0.30
ess_bgate                  63.8   57.5    5.0    2.5   15.0   20.0   62.5   0.19
ess_edma                   61.8   55.0    5.0    2.5   17.5   20.0   60.0   0.16
ess_edmm                   60.8   52.5    5.0    2.5   25.0   15.0   55.0   0.16
ess_braw                   64.5   57.5    5.0    5.0   15.0   17.5   62.5   0.17
ess_temperley              42.8   27.5   12.5   20.0   15.0   25.0   40.0   0.20
ess_shaath                 55.2   47.5    5.0    2.5   22.5   22.5   52.5   0.17
ess_bgate_60               59.0   52.5    2.5    2.5   22.5   20.0   55.0   0.15
ess_bgate_hp               53.0   45.0    2.5    7.5   22.5   22.5   47.5   0.17
cnn_oks3                   62.8   52.5   12.5    0.0   20.0   15.0   85.0   0.32
cnn_keynet                 59.0   50.0    7.5    2.5   22.5   17.5   82.5   0.26
method                 weighted  exact  fifth    rel    par  other   top3  s/trk
lib_ks_harm                57.2   47.5   12.5    5.0   10.0   25.0   75.0   5.40
lib_temperley_harm         36.0   27.5   10.0    5.0   10.0   47.5   55.0   4.89
lib_shaath_harm            60.2   52.5   10.0    2.5   10.0   25.0   77.5   4.92
lib_edma_harm              59.5   55.0    2.5    2.5   12.5   27.5   77.5   4.88
lib_bgate_harm             55.5   50.0    2.5    2.5   17.5   27.5   75.0   4.91
lib_edma_cens              60.5   55.0    2.5    2.5   17.5   22.5   80.0   4.87
lib_edma_seg               59.5   55.0    2.5    2.5   12.5   27.5   75.0   4.94
lib_shaath_noharm          60.0   47.5   17.5    2.5   15.0   17.5   75.0   0.48
lib_edma_60                48.8   45.0    2.5    0.0   12.5   40.0   65.0   1.94
ensemble                   63.8   57.5    5.0    2.5   15.0   20.0   77.5   0.48
method                 weighted  exact  fifth    rel    par  other   top3  s/trk
essnp_bgate                62.0   55.0    5.0    5.0   15.0   20.0   80.0   0.19
essnp_edma                 61.8   55.0    5.0    2.5   17.5   20.0   82.5   0.19
essnp_bgate_36             66.2   60.0    5.0    2.5   15.0   17.5   82.5   0.19
essnp_bgate_seg            64.2   57.5    5.0    2.5   17.5   17.5   85.0   0.19
ess_bgate_36               65.5   60.0    2.5    2.5   17.5   17.5   65.0   0.18
ess_edma_36                61.0   55.0    2.5    2.5   20.0   20.0   60.0   0.17
ess_braw_36                65.5   60.0    2.5    2.5   17.5   17.5   65.0   0.17

# rescore.py output (orig vs GS+ labels)
method                 |  orig: wtd exact |  GS+: wtd exact fifth rel par other top3
cnn_keynet             |   59.0   50.0    |   72.3   64.1   7.7   2.6  17.9   7.7  89.7   n=39
cnn_oks3               |   62.8   52.5    |   75.1   66.7  10.3   2.6  12.8   7.7  92.3   n=39
current                |   46.8   35.0    |   55.4   43.6  15.4   5.1  12.8  23.1  74.4   n=39
ensemble               |   63.8   57.5    |   82.6   76.9   7.7   2.6   5.1   7.7  89.7   n=39
ess_bgate              |   63.8   57.5    |   82.6   76.9   7.7   2.6   5.1   7.7  84.6   n=39
ess_bgate_36           |   65.5   60.0    |   83.6   79.5   2.6   2.6  10.3   5.1  84.6   n=39
ess_bgate_60           |   59.0   52.5    |   74.1   66.7   5.1   7.7  12.8   7.7  71.8   n=39
ess_bgate_hp           |   53.0   45.0    |   69.5   61.5   5.1   7.7  15.4  10.3  64.1   n=39
ess_braw               |   64.5   57.5    |   83.3   76.9   7.7   5.1   5.1   5.1  84.6   n=39
ess_braw_36            |   65.5   60.0    |   83.6   79.5   2.6   2.6  10.3   5.1  84.6   n=39
ess_edma               |   61.8   55.0    |   81.0   74.4  10.3   0.0   7.7   7.7  82.1   n=39
ess_edma_36            |   61.0   55.0    |   79.0   74.4   2.6   2.6  12.8   7.7  79.5   n=39
ess_edmm               |   60.8   52.5    |   71.3   61.5   7.7   7.7  17.9   5.1  66.7   n=39
ess_shaath             |   55.2   47.5    |   74.4   66.7  10.3   0.0  12.8  10.3  74.4   n=39
ess_temperley          |   42.8   27.5    |   57.2   43.6  12.8  20.5   5.1  17.9  56.4   n=39
essnp_bgate            |   62.0   55.0    |   80.8   74.4   7.7   5.1   5.1   7.7  87.2   n=39
essnp_bgate_36         |   66.2   60.0    |   85.1   79.5   7.7   2.6   5.1   5.1  92.3   n=39
essnp_bgate_seg        |   64.2   57.5    |   83.1   76.9   7.7   2.6   7.7   5.1  87.2   n=39
essnp_edma             |   61.8   55.0    |   81.0   74.4  10.3   0.0   7.7   7.7  94.9   n=39
lib_bgate_harm         |   55.5   50.0    |   74.1   69.2   5.1   2.6   7.7  15.4  84.6   n=39
lib_edma_60            |   48.8   45.0    |   62.6   56.4   7.7   2.6   7.7  25.6  82.1   n=39
lib_edma_cens          |   60.5   55.0    |   81.0   76.9   5.1   0.0   7.7  10.3  92.3   n=39
lib_edma_harm          |   59.5   55.0    |   80.0   76.9   5.1   0.0   2.6  15.4  89.7   n=39
lib_edma_seg           |   59.5   55.0    |   80.0   76.9   5.1   0.0   2.6  15.4  89.7   n=39
lib_ks_harm            |   57.2   47.5    |   74.4   66.7  12.8   2.6   2.6  15.4  87.2   n=39
lib_shaath_harm        |   60.2   52.5    |   76.7   69.2  12.8   0.0   5.1  12.8  89.7   n=39
lib_shaath_noharm      |   60.0   47.5    |   72.6   61.5  15.4   2.6  12.8   7.7  82.1   n=39
lib_temperley_harm     |   36.0   27.5    |   48.7   41.0  12.8   2.6   2.6  41.0  64.1   n=39
